              precision    recall  f1-score   support

           0       0.44      0.35      0.39       842
           1       0.45      0.64      0.53       520
           2       0.13      0.27      0.17       256
           3       0.47      0.74      0.57       404
           4       0.78      0.78      0.78       408
           5       0.51      0.52      0.51       885
           6       0.88      0.74      0.80      3792
           7       0.46      0.77      0.58       270
           8       0.89      0.78      0.83      2323
           9       0.61      0.85      0.71       300

    accuracy                           0.69     10000
   macro avg       0.56      0.64      0.59     10000
weighted avg       0.73      0.69      0.70     10000
