              precision    recall  f1-score   support

           0       0.37      0.32      0.34       339
           1       0.44      0.64      0.52       188
           2       0.18      0.33      0.23       114
           3       0.45      0.79      0.58       179
           4       0.74      0.76      0.75       160
           5       0.53      0.55      0.54       345
           6       0.86      0.70      0.77      1515
           7       0.48      0.84      0.61       110
           8       0.91      0.79      0.84       924
           9       0.67      0.81      0.73       124

    accuracy                           0.68      3998
   macro avg       0.56      0.65      0.59      3998
weighted avg       0.72      0.68      0.69      3998
